%YAML:1.0
vocabulary: !!opencv-matrix
   rows: 10
   cols: 128
   dt: f
   data: [ 1.64190674e+01, 1.09114828e+01, 1.01366796e+01,
       3.62189293e+01, 8.75960007e+01, 2.49426937e+01, 5.94999456e+00,
       6.26754522e+00, 9.33896790e+01, 3.64397736e+01, 1.38002958e+01,
       1.89775867e+01, 2.72106514e+01, 7.86274433e+00, 6.62189007e+00,
       2.87711182e+01, 5.67600670e+01, 2.23017006e+01, 1.30675144e+01,
       1.34241905e+01, 2.05798092e+01, 1.34467468e+01, 1.35768833e+01,
       2.83447685e+01, 2.31820126e+01, 1.49993858e+01, 1.19727325e+01,
       1.30982065e+01, 1.87286263e+01, 1.42563972e+01, 1.26456070e+01,
       1.48122015e+01, 2.20071754e+01, 7.44453049e+00, 7.34539318e+00,
       4.55964928e+01, 1.18056847e+02, 3.74680748e+01, 5.25958204e+00,
       5.83026791e+00, 1.28064178e+02, 2.82942276e+01, 6.96543169e+00,
       1.47812128e+01, 3.06168137e+01, 1.05936928e+01, 8.81301785e+00,
       4.74135780e+01, 6.87815704e+01, 1.64936237e+01, 1.04127541e+01,
       1.87228031e+01, 3.55104637e+01, 2.63349838e+01, 2.09351902e+01,
       3.29423866e+01, 2.98871994e+01, 1.88649311e+01, 1.37794762e+01,
       1.64128513e+01, 2.18838139e+01, 1.56972046e+01, 1.44672308e+01,
       1.82676792e+01, 2.20537376e+01, 5.79546976e+00, 5.22230864e+00,
       3.77367706e+01, 1.18184334e+02, 4.52866669e+01, 7.29823732e+00,
       7.50639439e+00, 1.28209579e+02, 4.72369194e+01, 8.72503757e+00,
       1.06142817e+01, 3.05999184e+01, 1.46300545e+01, 6.95424509e+00,
       2.85169964e+01, 6.87864380e+01, 3.26231461e+01, 2.08022327e+01,
       2.64946899e+01, 3.56376038e+01, 1.85671253e+01, 1.04261484e+01,
       1.66218796e+01, 2.99726086e+01, 1.81627865e+01, 1.43894978e+01,
       1.58531113e+01, 2.18493786e+01, 1.62035809e+01, 1.37408781e+01,
       1.90101795e+01, 1.65814686e+01, 6.23790884e+00, 5.92013741e+00,
       2.49879971e+01, 8.76811066e+01, 3.58350563e+01, 1.01249943e+01,
       1.11146708e+01, 9.35882034e+01, 2.84368458e+01, 6.55893278e+00,
       7.75283241e+00, 2.71649342e+01, 1.87284431e+01, 1.37701693e+01,
       3.70677338e+01, 5.66488495e+01, 2.78745155e+01, 1.34185972e+01,
       1.34228764e+01, 2.07789478e+01, 1.35638351e+01, 1.31502647e+01,
       2.24727001e+01, 2.32182789e+01, 1.46239910e+01, 1.24680653e+01,
       1.43667688e+01, 1.86565933e+01, 1.30341263e+01, 1.20462637e+01,
       1.52175398e+01, 5.67080345e+01, 3.46961517e+01, 1.40942841e+01,
       9.85130024e+00, 8.73523426e+00, 4.53418493e+00, 3.96961665e+00,
       1.39678040e+01, 1.35065948e+02, 5.73021660e+01, 8.53573608e+00,
       3.15907550e+00, 2.38137197e+00, 1.82822168e+00, 3.57512236e+00,
       3.42755470e+01, 8.55980377e+01, 2.97597427e+01, 8.09711361e+00,
       5.55220270e+00, 6.31180620e+00, 6.74484682e+00, 9.72565269e+00,
       3.11756687e+01, 1.83170509e+01, 1.19573717e+01, 7.81495285e+00,
       7.92768764e+00, 1.15454702e+01, 1.25876656e+01, 1.16472311e+01,
       1.38090153e+01, 7.31969910e+01, 2.84748478e+01, 1.16948118e+01,
       1.11170511e+01, 1.17415285e+01, 7.81917477e+00, 5.90835381e+00,
       1.81602325e+01, 1.50962250e+02, 4.51401024e+01, 6.20932674e+00,
       3.07948995e+00, 2.70963812e+00, 2.22875571e+00, 4.03293276e+00,
       4.67274055e+01, 1.10505852e+02, 2.77280693e+01, 8.77462673e+00,
       8.07427025e+00, 9.26248932e+00, 9.15040970e+00, 1.21426601e+01,
       3.61169930e+01, 2.53504086e+01, 1.64987659e+01, 1.05614214e+01,
       1.04430666e+01, 1.27591257e+01, 1.15536900e+01, 1.09593296e+01,
       1.55883398e+01, 7.32304077e+01, 1.83971386e+01, 5.95483494e+00,
       7.73467445e+00, 1.17300205e+01, 1.11614027e+01, 1.15486803e+01,
       2.82009716e+01, 1.51038925e+02, 4.68407898e+01, 4.05085516e+00,
       2.21634555e+00, 2.70015883e+00, 3.08638167e+00, 6.09479904e+00,
       4.49156723e+01, 1.10394005e+02, 3.62601624e+01, 1.22293406e+01,
       9.22300816e+00, 9.30422115e+00, 8.06594849e+00, 8.66929245e+00,
       2.75348454e+01, 2.53875694e+01, 1.57864962e+01, 1.10683002e+01,
       1.16939220e+01, 1.28238668e+01, 1.03384895e+01, 1.04151945e+01,
       1.62096062e+01, 5.66426392e+01, 1.39918051e+01, 3.99533963e+00,
       4.48870230e+00, 8.77035999e+00, 9.89624214e+00, 1.40620947e+01,
       3.45292625e+01, 1.35212662e+02, 3.45075645e+01, 3.57539558e+00,
       1.80534041e+00, 2.37025237e+00, 3.14506960e+00, 8.44118500e+00,
       5.70007172e+01, 8.54574966e+01, 3.13681412e+01, 9.68750095e+00,
       6.74817181e+00, 6.40160179e+00, 5.57921648e+00, 8.06802654e+00,
       2.95110493e+01, 1.83052826e+01, 1.39261427e+01, 1.16504669e+01,
       1.27096510e+01, 1.17107382e+01, 7.96113539e+00, 7.78363514e+00,
       1.18267527e+01, 2.18039246e+01, 2.41517982e+01, 2.52320957e+01,
       2.37846642e+01, 1.90003376e+01, 1.58904753e+01, 1.60074081e+01,
       1.84222031e+01, 2.89087276e+01, 2.50679932e+01, 2.41068878e+01,
       2.25840721e+01, 2.07782135e+01, 2.33874035e+01, 3.09740124e+01,
       3.43380241e+01, 2.65460777e+01, 2.27096729e+01, 2.09439240e+01,
       1.75006771e+01, 1.82679901e+01, 2.96531487e+01, 3.94879837e+01,
       3.57860069e+01, 2.67697220e+01, 2.17834377e+01, 1.68875790e+01,
       1.22172871e+01, 1.33355684e+01, 2.11659164e+01, 2.82893715e+01,
       2.99254169e+01, 3.87042770e+01, 2.88420162e+01, 3.03468456e+01,
       3.29175301e+01, 2.77520657e+01, 2.09601383e+01, 1.43488960e+01,
       1.88322220e+01, 1.12380058e+02, 3.32797356e+01, 1.42559328e+01,
       1.09854231e+01, 1.01100168e+01, 2.14856739e+01, 4.64583015e+01,
       8.00671844e+01, 2.81797962e+01, 1.03127604e+01, 7.62842798e+00,
       1.21493101e+01, 3.74314079e+01, 7.75905838e+01, 7.93986893e+01,
       5.04634247e+01, 2.92237606e+01, 1.97768307e+01, 1.33517599e+01,
       1.25695496e+01, 2.08562183e+01, 3.63698235e+01, 4.24763222e+01,
       3.80430450e+01, 4.25482521e+01, 1.54891129e+01, 1.15862551e+01,
       1.90264339e+01, 2.87935696e+01, 3.60878563e+01, 3.46325798e+01,
       3.35734520e+01, 1.22648682e+02, 5.47489548e+01, 1.44478407e+01,
       9.00028229e+00, 8.86960125e+00, 1.32869835e+01, 2.09487667e+01,
       5.63598213e+01, 5.05415001e+01, 3.17763786e+01, 2.47099094e+01,
       3.14277020e+01, 4.57890930e+01, 4.87023201e+01, 3.06273842e+01,
       2.57461128e+01, 2.43319588e+01, 1.62591553e+01, 1.35890083e+01,
       1.75385609e+01, 2.81845016e+01, 3.96679688e+01, 3.82294388e+01,
       3.15801468e+01, 2.99739628e+01, 1.55466862e+01, 9.71185589e+00,
       1.01215649e+01, 1.68129787e+01, 2.64726276e+01, 3.48880653e+01,
       3.74722481e+01, 6.51067200e+01, 3.33948822e+01, 1.46336575e+01,
       1.05254698e+01, 1.23310633e+01, 1.88074398e+01, 3.10985527e+01,
       5.21526947e+01, 4.29110565e+01, 3.29263992e+01, 2.29352455e+01,
       2.01636772e+01, 2.09355659e+01, 2.19638577e+01, 2.39554558e+01,
       3.07805405e+01, 1.91508751e+01, 1.74089851e+01, 1.86458797e+01,
       2.15000191e+01, 2.45668468e+01, 2.51950035e+01, 2.22262650e+01,
       2.06972408e+01, 2.12060032e+01, 1.08437347e+01, 9.17447567e+00,
       1.87208481e+01, 3.87555962e+01, 2.66979103e+01, 1.54469652e+01,
       1.61976109e+01, 2.82690620e+01, 1.59544163e+01, 1.24202690e+01,
       3.24797783e+01, 7.11318741e+01, 3.36101379e+01, 1.26629076e+01,
       1.36334333e+01, 9.28106766e+01, 3.23284645e+01, 1.05484333e+01,
       1.25350285e+01, 1.76284027e+01, 1.05245409e+01, 1.26333742e+01,
       4.22862167e+01, 4.16235085e+01, 1.54397459e+01, 7.68364382e+00,
       9.25522709e+00, 1.75499573e+01, 1.66539440e+01, 1.77923965e+01,
       2.95326557e+01, 2.85373821e+01, 1.56622705e+01, 1.06435566e+01,
       2.29405079e+01, 4.80176010e+01, 2.94287071e+01, 1.61078968e+01,
       1.95428448e+01, 3.70853767e+01, 1.56732225e+01, 1.26137180e+01,
       5.51582108e+01, 1.12576363e+02, 4.22741127e+01, 8.29328537e+00,
       9.05406857e+00, 1.32243088e+02, 4.32318192e+01, 9.59201431e+00,
       1.40212002e+01, 1.85714359e+01, 8.41496563e+00, 8.23403931e+00,
       4.09751472e+01, 5.38848000e+01, 1.59160929e+01, 8.68017006e+00,
